0
0
0
0
1
1
2
2
3
4
5
6
7
8
9
13
12
13
15
17
18
20
22
28
25
27
30
32
35
37
40
42
45
47
49
52
55
58
61
65
68
72
75
78
81
85
89
94
97
101
105
112
114
118
123
127
131
136
141
146
150
158
164
166
171
176
181
187
192
198
204
209
215
221
227
234
238
245
251
258
264
271
278
284
291
303
307
313
323
331
334
345
349
356
364
373
381
384
393
415
1644
3617
6427
10052
306646
19738
25784
32612
40314
91041
161654
251090
357027
485365
633678
914356
1654896
