1
1
1
1
2
3
3
4
6
6
7
8
9
9
11
19
15
15
20
19
20
22
24
32
29
31
35
36
38
40
43
47
49
52
53
57
59
63
66
68
73
75
83
82
86
89
92
100
101
107
108
129
123
122
129
130
135
141
146
149
155
183
177
176
174
185
185
190
200
200
210
216
218
228
234
244
242
250
259
263
268
278
286
289
295
313
310
317
334
341
342
355
356
360
369
377
385
388
398
426
1792
3625
6447
10088
2.93394e+06
19849
25812
32666
40378
91731
164780
257199
357446
486303
634300
