0
0
0
0
1
1
2
2
3
4
5
6
6
8
9
10
12
13
14
16
18
19
21
24
25
27
29
31
34
36
38
41
43
46
48
51
54
57
60
63
66
70
73
76
80
84
88
92
96
99
104
108
112
117
120
125
130
134
139
144
148
154
158
163
168
173
178
185
190
196
201
207
213
218
224
231
237
242
248
255
261
268
276
281
288
294
306
310
318
325
331
338
347
352
361
370
378
382
390
406
1608
3609
6418
10036
14484
19708
25763
32588
40239
90681
161056
247373
356563
484318
633044
